,frame,roi_x1,roi_y1,roi_x2,roi_y2,x,y,r,name,alpha,beta,minDist,threh_div1,threh_div2,dilation,medianblur
0,1,655,1,913,1055,1263,693,156,framenr_1_framevid_June12_02,2.5,25,10000,8,13,5,29
1,2,655,1,913,1055,997,241,132,framenr_2_framevid_June12_02,2.5,25,10000,8,13,5,29
2,3,655,1,913,1055,983,241,188,framenr_3_framevid_June12_02,2.5,25,10000,8,13,5,29
3,4,655,1,913,1055,1227,851,221,framenr_4_framevid_June12_02,2.5,25,10000,8,13,5,29
4,5,655,1,913,1055,1197,891,204,framenr_5_framevid_June12_02,2.5,25,10000,8,13,5,29
5,6,655,1,913,1055,1019,175,172,framenr_6_framevid_June12_02,2.5,25,10000,8,13,5,29
6,7,655,1,913,1055,1163,737,255,framenr_7_framevid_June12_02,2.5,25,10000,8,13,5,29
7,8,655,1,913,1055,1101,197,164,framenr_8_framevid_June12_02,2.5,25,10000,8,13,5,29
8,9,655,1,913,1055,1091,193,166,framenr_9_framevid_June12_02,2.5,25,10000,8,13,5,29
9,10,655,1,913,1055,859,317,163,framenr_10_framevid_June12_02,2.5,25,10000,8,13,5,29
10,11,655,1,913,1055,1195,823,178,framenr_11_framevid_June12_02,2.5,25,10000,8,13,5,29
11,12,655,1,913,1055,1181,823,170,framenr_12_framevid_June12_02,2.5,25,10000,8,13,5,29
12,13,655,1,913,1055,1103,783,249,framenr_13_framevid_June12_02,2.5,25,10000,8,13,5,29
13,14,655,1,913,1055,1113,231,160,framenr_14_framevid_June12_02,2.5,25,10000,8,13,5,29
14,15,655,1,913,1055,1173,865,229,framenr_15_framevid_June12_02,2.5,25,10000,8,13,5,29
15,16,655,1,913,1055,1035,255,230,framenr_16_framevid_June12_02,2.5,25,10000,8,13,5,29
16,17,655,1,913,1055,1153,897,240,framenr_17_framevid_June12_02,2.5,25,10000,8,13,5,29
17,18,655,1,913,1055,1131,369,210,framenr_18_framevid_June12_02,2.5,25,10000,8,13,5,29
18,19,655,1,913,1055,1061,783,225,framenr_19_framevid_June12_02,2.5,25,10000,8,13,5,29
19,20,655,1,913,1055,1127,873,257,framenr_20_framevid_June12_02,2.5,25,10000,8,13,5,29
20,21,655,1,913,1055,1095,391,188,framenr_21_framevid_June12_02,2.5,25,10000,8,13,5,29
21,22,655,1,913,1055,965,853,119,framenr_22_framevid_June12_02,2.5,25,10000,8,13,5,29
22,23,655,1,913,1055,1083,279,164,framenr_23_framevid_June12_02,2.5,25,10000,8,13,5,29
23,24,655,1,913,1055,1083,281,162,framenr_24_framevid_June12_02,2.5,25,10000,8,13,5,29
24,25,655,1,913,1055,1099,889,258,framenr_25_framevid_June12_02,2.5,25,10000,8,13,5,29
25,26,655,1,913,1055,1131,787,247,framenr_26_framevid_June12_02,2.5,25,10000,8,13,5,29
26,27,655,1,913,1055,1071,917,258,framenr_27_framevid_June12_02,2.5,25,10000,8,13,5,29
27,28,655,1,913,1055,1127,259,200,framenr_28_framevid_June12_02,2.5,25,10000,8,13,5,29
28,29,655,1,913,1055,1151,269,220,framenr_29_framevid_June12_02,2.5,25,10000,8,13,5,29
29,30,655,1,913,1055,1115,751,201,framenr_30_framevid_June12_02,2.5,25,10000,8,13,5,29
30,31,655,1,913,1055,1061,247,188,framenr_31_framevid_June12_02,2.5,25,10000,8,13,5,29
31,32,655,1,913,1055,1051,289,187,framenr_32_framevid_June12_02,2.5,25,10000,8,13,5,29
32,33,655,1,913,1055,1091,227,140,framenr_33_framevid_June12_02,2.5,25,10000,8,13,5,29
33,34,655,1,913,1055,1045,195,146,framenr_34_framevid_June12_02,2.5,25,10000,8,13,5,29
34,35,655,1,913,1055,1121,363,168,framenr_35_framevid_June12_02,2.5,25,10000,8,13,5,29
35,36,655,1,913,1055,1127,315,147,framenr_36_framevid_June12_02,2.5,25,10000,8,13,5,29
36,37,655,1,913,1055,1123,295,156,framenr_37_framevid_June12_02,2.5,25,10000,8,13,5,29
37,38,655,1,913,1055,1155,373,114,framenr_38_framevid_June12_02,2.5,25,10000,8,13,5,29
38,39,655,1,913,1055,1115,307,153,framenr_39_framevid_June12_02,2.5,25,10000,8,13,5,29
39,40,655,1,913,1055,1081,183,219,framenr_40_framevid_June12_02,2.5,25,10000,8,13,5,29
40,41,655,1,913,1055,1127,259,252,framenr_41_framevid_June12_02,2.5,25,10000,8,13,5,29
41,42,655,1,913,1055,1123,859,263,framenr_42_framevid_June12_02,2.5,25,10000,8,13,5,29
42,43,655,1,913,1055,1183,367,144,framenr_43_framevid_June12_02,2.5,25,10000,8,13,5,29
43,44,655,1,913,1055,1161,235,141,framenr_44_framevid_June12_02,2.5,25,10000,8,13,5,29
44,45,655,1,913,1055,1233,227,37,framenr_45_framevid_June12_02,2.5,25,10000,8,13,5,29
45,46,655,1,913,1055,1193,525,115,framenr_46_framevid_June12_02,2.5,25,10000,8,13,5,29
46,47,655,1,913,1055,1183,213,148,framenr_47_framevid_June12_02,2.5,25,10000,8,13,5,29
47,48,655,1,913,1055,1179,541,126,framenr_48_framevid_June12_02,2.5,25,10000,8,13,5,29
48,49,655,1,913,1055,1229,245,41,framenr_49_framevid_June12_02,2.5,25,10000,8,13,5,29
49,50,655,1,913,1055,1183,727,169,framenr_50_framevid_June12_02,2.5,25,10000,8,13,5,29
50,51,655,1,913,1055,1187,469,149,framenr_51_framevid_June12_02,2.5,25,10000,8,13,5,29
51,52,655,1,913,1055,1193,385,102,framenr_52_framevid_June12_02,2.5,25,10000,8,13,5,29
52,53,655,1,913,1055,1127,449,192,framenr_53_framevid_June12_02,2.5,25,10000,8,13,5,29
53,54,655,1,913,1055,1169,405,106,framenr_54_framevid_June12_02,2.5,25,10000,8,13,5,29
54,55,655,1,913,1055,1067,273,230,framenr_55_framevid_June12_02,2.5,25,10000,8,13,5,29
55,56,655,1,913,1055,1121,371,169,framenr_56_framevid_June12_02,2.5,25,10000,8,13,5,29
56,57,655,1,913,1055,1133,363,208,framenr_57_framevid_June12_02,2.5,25,10000,8,13,5,29
57,58,655,1,913,1055,1097,469,133,framenr_58_framevid_June12_02,2.5,25,10000,8,13,5,29
58,59,655,1,913,1055,1061,483,172,framenr_59_framevid_June12_02,2.5,25,10000,8,13,5,29
59,60,655,1,913,1055,1075,531,153,framenr_60_framevid_June12_02,2.5,25,10000,8,13,5,29
60,61,655,1,913,1055,1089,331,179,framenr_61_framevid_June12_02,2.5,25,10000,8,13,5,29
61,62,655,1,913,1055,1107,609,138,framenr_62_framevid_June12_02,2.5,25,10000,8,13,5,29
62,63,655,1,913,1055,1055,423,142,framenr_63_framevid_June12_02,2.5,25,10000,8,13,5,29
63,64,655,1,913,1055,1105,417,96,framenr_64_framevid_June12_02,2.5,25,10000,8,13,5,29
64,65,655,1,913,1055,1093,527,173,framenr_65_framevid_June12_02,2.5,25,10000,8,13,5,29
65,66,655,1,913,1055,1091,489,240,framenr_66_framevid_June12_02,2.5,25,10000,8,13,5,29
66,67,655,1,913,1055,1157,715,105,framenr_67_framevid_June12_02,2.5,25,10000,8,13,5,29
67,68,655,1,913,1055,1105,469,228,framenr_68_framevid_June12_02,2.5,25,10000,8,13,5,29
68,69,655,1,913,1055,1059,519,99,framenr_69_framevid_June12_02,2.5,25,10000,8,13,5,29
69,70,655,1,913,1055,1089,497,214,framenr_70_framevid_June12_02,2.5,25,10000,8,13,5,29
70,71,655,1,913,1055,1075,513,122,framenr_71_framevid_June12_02,2.5,25,10000,8,13,5,29
71,72,655,1,913,1055,1115,481,144,framenr_72_framevid_June12_02,2.5,25,10000,8,13,5,29
72,73,655,1,913,1055,995,777,9,framenr_73_framevid_June12_02,2.5,25,10000,8,13,5,29
73,74,655,1,913,1055,1107,465,213,framenr_74_framevid_June12_02,2.5,25,10000,8,13,5,29
74,75,655,1,913,1055,1075,477,112,framenr_75_framevid_June12_02,2.5,25,10000,8,13,5,29
75,76,655,1,913,1055,1159,625,155,framenr_76_framevid_June12_02,2.5,25,10000,8,13,5,29
76,77,655,1,913,1055,1111,493,82,framenr_77_framevid_June12_02,2.5,25,10000,8,13,5,29
77,78,655,1,913,1055,1195,595,104,framenr_78_framevid_June12_02,2.5,25,10000,8,13,5,29
78,79,655,1,913,1055,1217,529,131,framenr_79_framevid_June12_02,2.5,25,10000,8,13,5,29
79,80,655,1,913,1055,1161,575,147,framenr_80_framevid_June12_02,2.5,25,10000,8,13,5,29
80,81,655,1,913,1055,1153,367,94,framenr_81_framevid_June12_02,2.5,25,10000,8,13,5,29
81,82,655,1,913,1055,1105,485,124,framenr_82_framevid_June12_02,2.5,25,10000,8,13,5,29
82,83,655,1,913,1055,1169,535,149,framenr_83_framevid_June12_02,2.5,25,10000,8,13,5,29
83,84,655,1,913,1055,1167,535,124,framenr_84_framevid_June12_02,2.5,25,10000,8,13,5,29
84,85,655,1,913,1055,1163,529,122,framenr_85_framevid_June12_02,2.5,25,10000,8,13,5,29
85,86,655,1,913,1055,1173,613,28,framenr_86_framevid_June12_02,2.5,25,10000,8,13,5,29
86,87,655,1,913,1055,1127,551,172,framenr_87_framevid_June12_02,2.5,25,10000,8,13,5,29
87,88,655,1,913,1055,1125,545,174,framenr_88_framevid_June12_02,2.5,25,10000,8,13,5,29
88,89,655,1,913,1055,1103,559,54,framenr_89_framevid_June12_02,2.5,25,10000,8,13,5,29
89,90,655,1,913,1055,1115,465,174,framenr_90_framevid_June12_02,2.5,25,10000,8,13,5,29
90,91,655,1,913,1055,1087,445,263,framenr_91_framevid_June12_02,2.5,25,10000,8,13,5,29
91,92,655,1,913,1055,1103,653,132,framenr_92_framevid_June12_02,2.5,25,10000,8,13,5,29
92,93,655,1,913,1055,1075,437,230,framenr_93_framevid_June12_02,2.5,25,10000,8,13,5,29
93,94,655,1,913,1055,1149,559,155,framenr_94_framevid_June12_02,2.5,25,10000,8,13,5,29
94,95,655,1,913,1055,1093,441,234,framenr_95_framevid_June12_02,2.5,25,10000,8,13,5,29
95,96,655,1,913,1055,1161,643,143,framenr_96_framevid_June12_02,2.5,25,10000,8,13,5,29
96,97,655,1,913,1055,1127,679,61,framenr_97_framevid_June12_02,2.5,25,10000,8,13,5,29
97,98,655,1,913,1055,1201,547,248,framenr_98_framevid_June12_02,2.5,25,10000,8,13,5,29
98,99,655,1,913,1055,1235,733,70,framenr_99_framevid_June12_02,2.5,25,10000,8,13,5,29
99,100,655,1,913,1055,1197,603,210,framenr_100_framevid_June12_02,2.5,25,10000,8,13,5,29
100,101,655,1,913,1055,1133,671,58,framenr_101_framevid_June12_02,2.5,25,10000,8,13,5,29
101,102,655,1,913,1055,1111,467,224,framenr_102_framevid_June12_02,2.5,25,10000,8,13,5,29
102,103,655,1,913,1055,1177,585,209,framenr_103_framevid_June12_02,2.5,25,10000,8,13,5,29
103,104,655,1,913,1055,1151,613,180,framenr_104_framevid_June12_02,2.5,25,10000,8,13,5,29
104,105,655,1,913,1055,1173,653,164,framenr_105_framevid_June12_02,2.5,25,10000,8,13,5,29
105,106,655,1,913,1055,1157,627,187,framenr_106_framevid_June12_02,2.5,25,10000,8,13,5,29
106,107,655,1,913,1055,1129,605,182,framenr_107_framevid_June12_02,2.5,25,10000,8,13,5,29
107,108,655,1,913,1055,1145,591,196,framenr_108_framevid_June12_02,2.5,25,10000,8,13,5,29
108,109,655,1,913,1055,1143,545,214,framenr_109_framevid_June12_02,2.5,25,10000,8,13,5,29
109,110,655,1,913,1055,1135,523,212,framenr_110_framevid_June12_02,2.5,25,10000,8,13,5,29
110,111,655,1,913,1055,1117,513,191,framenr_111_framevid_June12_02,2.5,25,10000,8,13,5,29
111,112,655,1,913,1055,1125,441,230,framenr_112_framevid_June12_02,2.5,25,10000,8,13,5,29
112,113,655,1,913,1055,1121,385,241,framenr_113_framevid_June12_02,2.5,25,10000,8,13,5,29
113,114,655,1,913,1055,1133,437,148,framenr_114_framevid_June12_02,2.5,25,10000,8,13,5,29
114,115,655,1,913,1055,1151,403,154,framenr_115_framevid_June12_02,2.5,25,10000,8,13,5,29
115,116,655,1,913,1055,1135,361,158,framenr_116_framevid_June12_02,2.5,25,10000,8,13,5,29
116,117,655,1,913,1055,1135,347,149,framenr_117_framevid_June12_02,2.5,25,10000,8,13,5,29
117,118,655,1,913,1055,1125,245,250,framenr_118_framevid_June12_02,2.5,25,10000,8,13,5,29
118,119,655,1,913,1055,1147,339,256,framenr_119_framevid_June12_02,2.5,25,10000,8,13,5,29
119,120,655,1,913,1055,1129,317,146,framenr_120_framevid_June12_02,2.5,25,10000,8,13,5,29
120,121,655,1,913,1055,1081,371,222,framenr_121_framevid_June12_02,2.5,25,10000,8,13,5,29
121,122,655,1,913,1055,1089,325,183,framenr_122_framevid_June12_02,2.5,25,10000,8,13,5,29
122,123,655,1,913,1055,1067,399,232,framenr_123_framevid_June12_02,2.5,25,10000,8,13,5,29
123,124,655,1,913,1055,1097,269,202,framenr_124_framevid_June12_02,2.5,25,10000,8,13,5,29
124,125,655,1,913,1055,1081,387,223,framenr_125_framevid_June12_02,2.5,25,10000,8,13,5,29
125,126,655,1,913,1055,1117,303,167,framenr_126_framevid_June12_02,2.5,25,10000,8,13,5,29
126,127,655,1,913,1055,1085,289,205,framenr_127_framevid_June12_02,2.5,25,10000,8,13,5,29
127,128,655,1,913,1055,1081,301,200,framenr_128_framevid_June12_02,2.5,25,10000,8,13,5,29
128,129,655,1,913,1055,1081,403,218,framenr_129_framevid_June12_02,2.5,25,10000,8,13,5,29
129,130,655,1,913,1055,1085,303,168,framenr_130_framevid_June12_02,2.5,25,10000,8,13,5,29
130,131,655,1,913,1055,1071,285,206,framenr_131_framevid_June12_02,2.5,25,10000,8,13,5,29
131,132,655,1,913,1055,1065,369,175,framenr_132_framevid_June12_02,2.5,25,10000,8,13,5,29
132,133,655,1,913,1055,1009,401,213,framenr_133_framevid_June12_02,2.5,25,10000,8,13,5,29
133,134,655,1,913,1055,1005,415,209,framenr_134_framevid_June12_02,2.5,25,10000,8,13,5,29
134,135,655,1,913,1055,1007,415,211,framenr_135_framevid_June12_02,2.5,25,10000,8,13,5,29
135,136,655,1,913,1055,1003,439,212,framenr_136_framevid_June12_02,2.5,25,10000,8,13,5,29
136,137,655,1,913,1055,1009,455,206,framenr_137_framevid_June12_02,2.5,25,10000,8,13,5,29
137,138,655,1,913,1055,1005,475,195,framenr_138_framevid_June12_02,2.5,25,10000,8,13,5,29
138,139,655,1,913,1055,1013,473,208,framenr_139_framevid_June12_02,2.5,25,10000,8,13,5,29
139,140,655,1,913,1055,1013,487,203,framenr_140_framevid_June12_02,2.5,25,10000,8,13,5,29
140,141,655,1,913,1055,1009,491,202,framenr_141_framevid_June12_02,2.5,25,10000,8,13,5,29
141,142,655,1,913,1055,1029,515,172,framenr_142_framevid_June12_02,2.5,25,10000,8,13,5,29
142,143,655,1,913,1055,993,497,189,framenr_143_framevid_June12_02,2.5,25,10000,8,13,5,29
143,144,655,1,913,1055,1007,493,199,framenr_144_framevid_June12_02,2.5,25,10000,8,13,5,29
144,145,655,1,913,1055,1015,515,173,framenr_145_framevid_June12_02,2.5,25,10000,8,13,5,29
145,146,655,1,913,1055,1025,515,163,framenr_146_framevid_June12_02,2.5,25,10000,8,13,5,29
146,147,655,1,913,1055,989,503,177,framenr_147_framevid_June12_02,2.5,25,10000,8,13,5,29
147,148,655,1,913,1055,1005,491,192,framenr_148_framevid_June12_02,2.5,25,10000,8,13,5,29
148,149,655,1,913,1055,1009,487,189,framenr_149_framevid_June12_02,2.5,25,10000,8,13,5,29
149,150,655,1,913,1055,1015,483,188,framenr_150_framevid_June12_02,2.5,25,10000,8,13,5,29
150,151,655,1,913,1055,1021,497,175,framenr_151_framevid_June12_02,2.5,25,10000,8,13,5,29
151,152,655,1,913,1055,1033,495,168,framenr_152_framevid_June12_02,2.5,25,10000,8,13,5,29
152,153,655,1,913,1055,1043,495,158,framenr_153_framevid_June12_02,2.5,25,10000,8,13,5,29
153,154,655,1,913,1055,1047,483,165,framenr_154_framevid_June12_02,2.5,25,10000,8,13,5,29
154,155,655,1,913,1055,1055,497,148,framenr_155_framevid_June12_02,2.5,25,10000,8,13,5,29
155,156,655,1,913,1055,1065,497,130,framenr_156_framevid_June12_02,2.5,25,10000,8,13,5,29
156,157,655,1,913,1055,1049,245,221,framenr_157_framevid_June12_02,2.5,25,10000,8,13,5,29
157,158,655,1,913,1055,1065,415,171,framenr_158_framevid_June12_02,2.5,25,10000,8,13,5,29
158,159,655,1,913,1055,1005,227,264,framenr_159_framevid_June12_02,2.5,25,10000,8,13,5,29
159,160,655,1,913,1055,1099,443,189,framenr_160_framevid_June12_02,2.5,25,10000,8,13,5,29
160,161,655,1,913,1055,1067,499,138,framenr_161_framevid_June12_02,2.5,25,10000,8,13,5,29
161,162,655,1,913,1055,1071,485,169,framenr_162_framevid_June12_02,2.5,25,10000,8,13,5,29
162,163,655,1,913,1055,1073,495,175,framenr_163_framevid_June12_02,2.5,25,10000,8,13,5,29
163,164,655,1,913,1055,1073,519,169,framenr_164_framevid_June12_02,2.5,25,10000,8,13,5,29
164,165,655,1,913,1055,1071,519,179,framenr_165_framevid_June12_02,2.5,25,10000,8,13,5,29
165,166,655,1,913,1055,1073,529,179,framenr_166_framevid_June12_02,2.5,25,10000,8,13,5,29
166,167,655,1,913,1055,1073,435,212,framenr_167_framevid_June12_02,2.5,25,10000,8,13,5,29
167,168,655,1,913,1055,1079,523,191,framenr_168_framevid_June12_02,2.5,25,10000,8,13,5,29
168,169,655,1,913,1055,1085,531,186,framenr_169_framevid_June12_02,2.5,25,10000,8,13,5,29
169,170,655,1,913,1055,1089,535,184,framenr_170_framevid_June12_02,2.5,25,10000,8,13,5,29
170,171,655,1,913,1055,1093,537,184,framenr_171_framevid_June12_02,2.5,25,10000,8,13,5,29
171,172,655,1,913,1055,1095,529,192,framenr_172_framevid_June12_02,2.5,25,10000,8,13,5,29
172,173,655,1,913,1055,1091,533,187,framenr_173_framevid_June12_02,2.5,25,10000,8,13,5,29
173,174,655,1,913,1055,1091,541,179,framenr_174_framevid_June12_02,2.5,25,10000,8,13,5,29
174,175,655,1,913,1055,1109,469,235,framenr_175_framevid_June12_02,2.5,25,10000,8,13,5,29
175,176,655,1,913,1055,1087,535,182,framenr_176_framevid_June12_02,2.5,25,10000,8,13,5,29
176,177,655,1,913,1055,1087,521,189,framenr_177_framevid_June12_02,2.5,25,10000,8,13,5,29
177,178,655,1,913,1055,1015,493,258,framenr_178_framevid_June12_02,2.5,25,10000,8,13,5,29
178,179,655,1,913,1055,1097,417,219,framenr_179_framevid_June12_02,2.5,25,10000,8,13,5,29
179,180,655,1,913,1055,1057,459,191,framenr_180_framevid_June12_02,2.5,25,10000,8,13,5,29
180,181,655,1,913,1055,1067,389,205,framenr_181_framevid_June12_02,2.5,25,10000,8,13,5,29
181,182,655,1,913,1055,1121,433,159,framenr_182_framevid_June12_02,2.5,25,10000,8,13,5,29
182,183,655,1,913,1055,1097,439,269,framenr_183_framevid_June12_02,2.5,25,10000,8,13,5,29
183,184,655,1,913,1055,1079,555,188,framenr_184_framevid_June12_02,2.5,25,10000,8,13,5,29
184,185,655,1,913,1055,1071,541,195,framenr_185_framevid_June12_02,2.5,25,10000,8,13,5,29
185,186,655,1,913,1055,1083,499,200,framenr_186_framevid_June12_02,2.5,25,10000,8,13,5,29
186,187,655,1,913,1055,1079,511,185,framenr_187_framevid_June12_02,2.5,25,10000,8,13,5,29
187,188,655,1,913,1055,1065,623,256,framenr_188_framevid_June12_02,2.5,25,10000,8,13,5,29
188,189,655,1,913,1055,1087,537,121,framenr_189_framevid_June12_02,2.5,25,10000,8,13,5,29
189,190,655,1,913,1055,1101,519,145,framenr_190_framevid_June12_02,2.5,25,10000,8,13,5,29
190,191,655,1,913,1055,1061,455,215,framenr_191_framevid_June12_02,2.5,25,10000,8,13,5,29
191,192,655,1,913,1055,1067,461,206,framenr_192_framevid_June12_02,2.5,25,10000,8,13,5,29
192,193,655,1,913,1055,1095,505,153,framenr_193_framevid_June12_02,2.5,25,10000,8,13,5,29
193,194,655,1,913,1055,1121,391,170,framenr_194_framevid_June12_02,2.5,25,10000,8,13,5,29
194,195,655,1,913,1055,1057,443,213,framenr_195_framevid_June12_02,2.5,25,10000,8,13,5,29
195,196,655,1,913,1055,1095,483,148,framenr_196_framevid_June12_02,2.5,25,10000,8,13,5,29
196,197,655,1,913,1055,1079,333,194,framenr_197_framevid_June12_02,2.5,25,10000,8,13,5,29
197,198,655,1,913,1055,1073,357,156,framenr_198_framevid_June12_02,2.5,25,10000,8,13,5,29
198,199,655,1,913,1055,1097,451,156,framenr_199_framevid_June12_02,2.5,25,10000,8,13,5,29
199,200,655,1,913,1055,1119,525,190,framenr_200_framevid_June12_02,2.5,25,10000,8,13,5,29
200,201,655,1,913,1055,1147,465,154,framenr_201_framevid_June12_02,2.5,25,10000,8,13,5,29
201,202,655,1,913,1055,1047,353,236,framenr_202_framevid_June12_02,2.5,25,10000,8,13,5,29
202,203,655,1,913,1055,1081,463,148,framenr_203_framevid_June12_02,2.5,25,10000,8,13,5,29
203,204,655,1,913,1055,1091,463,164,framenr_204_framevid_June12_02,2.5,25,10000,8,13,5,29
204,205,655,1,913,1055,1075,481,144,framenr_205_framevid_June12_02,2.5,25,10000,8,13,5,29
205,206,655,1,913,1055,1093,463,171,framenr_206_framevid_June12_02,2.5,25,10000,8,13,5,29
206,207,655,1,913,1055,1079,509,171,framenr_207_framevid_June12_02,2.5,25,10000,8,13,5,29
207,208,655,1,913,1055,1077,423,163,framenr_208_framevid_June12_02,2.5,25,10000,8,13,5,29
208,209,655,1,913,1055,1049,339,123,framenr_209_framevid_June12_02,2.5,25,10000,8,13,5,29
209,210,655,1,913,1055,1101,445,215,framenr_210_framevid_June12_02,2.5,25,10000,8,13,5,29
210,211,655,1,913,1055,1063,337,228,framenr_211_framevid_June12_02,2.5,25,10000,8,13,5,29
211,212,655,1,913,1055,1073,415,256,framenr_212_framevid_June12_02,2.5,25,10000,8,13,5,29
212,213,655,1,913,1055,1133,517,177,framenr_213_framevid_June12_02,2.5,25,10000,8,13,5,29
213,214,655,1,913,1055,1073,363,130,framenr_214_framevid_June12_02,2.5,25,10000,8,13,5,29
214,215,655,1,913,1055,1085,357,123,framenr_215_framevid_June12_02,2.5,25,10000,8,13,5,29
215,216,655,1,913,1055,1087,371,138,framenr_216_framevid_June12_02,2.5,25,10000,8,13,5,29
216,217,655,1,913,1055,1083,495,231,framenr_217_framevid_June12_02,2.5,25,10000,8,13,5,29
217,218,655,1,913,1055,1101,511,208,framenr_218_framevid_June12_02,2.5,25,10000,8,13,5,29
218,219,655,1,913,1055,1109,511,205,framenr_219_framevid_June12_02,2.5,25,10000,8,13,5,29
219,220,655,1,913,1055,1103,367,140,framenr_220_framevid_June12_02,2.5,25,10000,8,13,5,29
220,221,655,1,913,1055,1097,499,220,framenr_221_framevid_June12_02,2.5,25,10000,8,13,5,29
221,222,655,1,913,1055,1137,529,167,framenr_222_framevid_June12_02,2.5,25,10000,8,13,5,29
222,223,655,1,913,1055,1127,339,110,framenr_223_framevid_June12_02,2.5,25,10000,8,13,5,29
223,224,655,1,913,1055,1151,553,138,framenr_224_framevid_June12_02,2.5,25,10000,8,13,5,29
224,225,655,1,913,1055,1055,391,215,framenr_225_framevid_June12_02,2.5,25,10000,8,13,5,29
225,226,655,1,913,1055,1141,529,161,framenr_226_framevid_June12_02,2.5,25,10000,8,13,5,29
226,227,655,1,913,1055,1089,491,226,framenr_227_framevid_June12_02,2.5,25,10000,8,13,5,29
227,228,655,1,913,1055,1065,473,256,framenr_228_framevid_June12_02,2.5,25,10000,8,13,5,29
228,229,655,1,913,1055,1125,433,162,framenr_229_framevid_June12_02,2.5,25,10000,8,13,5,29
229,230,655,1,913,1055,1095,497,218,framenr_230_framevid_June12_02,2.5,25,10000,8,13,5,29
230,231,655,1,913,1055,1095,493,225,framenr_231_framevid_June12_02,2.5,25,10000,8,13,5,29
231,232,655,1,913,1055,1173,507,196,framenr_232_framevid_June12_02,2.5,25,10000,8,13,5,29
232,233,655,1,913,1055,1147,329,86,framenr_233_framevid_June12_02,2.5,25,10000,8,13,5,29
233,234,655,1,913,1055,1121,527,156,framenr_234_framevid_June12_02,2.5,25,10000,8,13,5,29
234,235,655,1,913,1055,1155,579,152,framenr_235_framevid_June12_02,2.5,25,10000,8,13,5,29
235,236,655,1,913,1055,1099,547,225,framenr_236_framevid_June12_02,2.5,25,10000,8,13,5,29
236,237,655,1,913,1055,1129,547,198,framenr_237_framevid_June12_02,2.5,25,10000,8,13,5,29
237,238,655,1,913,1055,1051,389,183,framenr_238_framevid_June12_02,2.5,25,10000,8,13,5,29
238,239,655,1,913,1055,1117,531,215,framenr_239_framevid_June12_02,2.5,25,10000,8,13,5,29
239,240,655,1,913,1055,1155,381,100,framenr_240_framevid_June12_02,2.5,25,10000,8,13,5,29
240,241,655,1,913,1055,1173,587,131,framenr_241_framevid_June12_02,2.5,25,10000,8,13,5,29
241,242,655,1,913,1055,1141,533,170,framenr_242_framevid_June12_02,2.5,25,10000,8,13,5,29
242,243,655,1,913,1055,1131,529,201,framenr_243_framevid_June12_02,2.5,25,10000,8,13,5,29
243,244,655,1,913,1055,1151,443,91,framenr_244_framevid_June12_02,2.5,25,10000,8,13,5,29
244,245,655,1,913,1055,1069,571,33,framenr_245_framevid_June12_02,2.5,25,10000,8,13,5,29
245,246,655,1,913,1055,1179,589,124,framenr_246_framevid_June12_02,2.5,25,10000,8,13,5,29
246,247,655,1,913,1055,1135,521,195,framenr_247_framevid_June12_02,2.5,25,10000,8,13,5,29
247,248,655,1,913,1055,1173,433,151,framenr_248_framevid_June12_02,2.5,25,10000,8,13,5,29
248,249,655,1,913,1055,1189,423,95,framenr_249_framevid_June12_02,2.5,25,10000,8,13,5,29
249,250,655,1,913,1055,1207,901,134,framenr_250_framevid_June12_02,2.5,25,10000,8,13,5,29
250,251,655,1,913,1055,1177,557,121,framenr_251_framevid_June12_02,2.5,25,10000,8,13,5,29
251,252,655,1,913,1055,1153,321,156,framenr_252_framevid_June12_02,2.5,25,10000,8,13,5,29
252,253,655,1,913,1055,1159,329,171,framenr_253_framevid_June12_02,2.5,25,10000,8,13,5,29
253,254,655,1,913,1055,1135,611,222,framenr_254_framevid_June12_02,2.5,25,10000,8,13,5,29
254,255,655,1,913,1055,1139,587,134,framenr_255_framevid_June12_02,2.5,25,10000,8,13,5,29
255,256,655,1,913,1055,1135,497,170,framenr_256_framevid_June12_02,2.5,25,10000,8,13,5,29
256,257,655,1,913,1055,1125,495,174,framenr_257_framevid_June12_02,2.5,25,10000,8,13,5,29
257,258,655,1,913,1055,1111,519,160,framenr_258_framevid_June12_02,2.5,25,10000,8,13,5,29
258,259,655,1,913,1055,1121,381,113,framenr_259_framevid_June12_02,2.5,25,10000,8,13,5,29
259,260,655,1,913,1055,1129,389,122,framenr_260_framevid_June12_02,2.5,25,10000,8,13,5,29
260,261,655,1,913,1055,1135,491,212,framenr_261_framevid_June12_02,2.5,25,10000,8,13,5,29
261,262,655,1,913,1055,1085,523,250,framenr_262_framevid_June12_02,2.5,25,10000,8,13,5,29
262,263,655,1,913,1055,1175,441,190,framenr_263_framevid_June12_02,2.5,25,10000,8,13,5,29
263,264,655,1,913,1055,1169,433,177,framenr_264_framevid_June12_02,2.5,25,10000,8,13,5,29
264,265,655,1,913,1055,1181,439,185,framenr_265_framevid_June12_02,2.5,25,10000,8,13,5,29
265,266,655,1,913,1055,1123,515,247,framenr_266_framevid_June12_02,2.5,25,10000,8,13,5,29
266,267,655,1,913,1055,1167,419,158,framenr_267_framevid_June12_02,2.5,25,10000,8,13,5,29
267,268,655,1,913,1055,1141,587,245,framenr_268_framevid_June12_02,2.5,25,10000,8,13,5,29
268,269,655,1,913,1055,1237,457,217,framenr_269_framevid_June12_02,2.5,25,10000,8,13,5,29
269,270,655,1,913,1055,1195,383,133,framenr_270_framevid_June12_02,2.5,25,10000,8,13,5,29
270,271,655,1,913,1055,1189,603,205,framenr_271_framevid_June12_02,2.5,25,10000,8,13,5,29
271,272,655,1,913,1055,1143,493,66,framenr_272_framevid_June12_02,2.5,25,10000,8,13,5,29
272,273,655,1,913,1055,1215,431,173,framenr_273_framevid_June12_02,2.5,25,10000,8,13,5,29
273,274,655,1,913,1055,1209,623,89,framenr_274_framevid_June12_02,2.5,25,10000,8,13,5,29
274,275,655,1,913,1055,1189,423,256,framenr_275_framevid_June12_02,2.5,25,10000,8,13,5,29
275,276,655,1,913,1055,1167,395,215,framenr_276_framevid_June12_02,2.5,25,10000,8,13,5,29
276,277,655,1,913,1055,1197,445,126,framenr_277_framevid_June12_02,2.5,25,10000,8,13,5,29
277,278,655,1,913,1055,1195,387,117,framenr_278_framevid_June12_02,2.5,25,10000,8,13,5,29
278,279,655,1,913,1055,1205,387,121,framenr_279_framevid_June12_02,2.5,25,10000,8,13,5,29
279,280,655,1,913,1055,1119,691,53,framenr_280_framevid_June12_02,2.5,25,10000,8,13,5,29
280,281,655,1,913,1055,1211,409,240,framenr_281_framevid_June12_02,2.5,25,10000,8,13,5,29
281,282,655,1,913,1055,1217,409,243,framenr_282_framevid_June12_02,2.5,25,10000,8,13,5,29
282,283,655,1,913,1055,1213,399,234,framenr_283_framevid_June12_02,2.5,25,10000,8,13,5,29
283,284,655,1,913,1055,1209,389,151,framenr_284_framevid_June12_02,2.5,25,10000,8,13,5,29
284,285,655,1,913,1055,1249,499,136,framenr_285_framevid_June12_02,2.5,25,10000,8,13,5,29
285,286,655,1,913,1055,1209,477,173,framenr_286_framevid_June12_02,2.5,25,10000,8,13,5,29
286,287,655,1,913,1055,1257,345,118,framenr_287_framevid_June12_02,2.5,25,10000,8,13,5,29
287,288,655,1,913,1055,1153,395,116,framenr_288_framevid_June12_02,2.5,25,10000,8,13,5,29
288,289,655,1,913,1055,1121,457,113,framenr_289_framevid_June12_02,2.5,25,10000,8,13,5,29
289,290,655,1,913,1055,1119,425,190,framenr_290_framevid_June12_02,2.5,25,10000,8,13,5,29
290,291,655,1,913,1055,1161,403,226,framenr_291_framevid_June12_02,2.5,25,10000,8,13,5,29
291,292,655,1,913,1055,1225,521,187,framenr_292_framevid_June12_02,2.5,25,10000,8,13,5,29
292,293,655,1,913,1055,1237,527,187,framenr_293_framevid_June12_02,2.5,25,10000,8,13,5,29
293,294,655,1,913,1055,1253,753,160,framenr_294_framevid_June12_02,2.5,25,10000,8,13,5,29
294,295,655,1,913,1055,1269,591,147,framenr_295_framevid_June12_02,2.5,25,10000,8,13,5,29
295,296,655,1,913,1055,1255,603,133,framenr_296_framevid_June12_02,2.5,25,10000,8,13,5,29
296,297,655,1,913,1055,1201,571,189,framenr_297_framevid_June12_02,2.5,25,10000,8,13,5,29
297,298,655,1,913,1055,1157,551,226,framenr_298_framevid_June12_02,2.5,25,10000,8,13,5,29
298,299,655,1,913,1055,1203,577,167,framenr_299_framevid_June12_02,2.5,25,10000,8,13,5,29
299,300,655,1,913,1055,1119,541,255,framenr_300_framevid_June12_02,2.5,25,10000,8,13,5,29
300,301,655,1,913,1055,1089,587,232,framenr_301_framevid_June12_02,2.5,25,10000,8,13,5,29
301,302,655,1,913,1055,1077,639,171,framenr_302_framevid_June12_02,2.5,25,10000,8,13,5,29
302,303,655,1,913,1055,1023,635,168,framenr_303_framevid_June12_02,2.5,25,10000,8,13,5,29
303,304,655,1,913,1055,1009,595,191,framenr_304_framevid_June12_02,2.5,25,10000,8,13,5,29
304,305,655,1,913,1055,1001,591,183,framenr_305_framevid_June12_02,2.5,25,10000,8,13,5,29
305,306,655,1,913,1055,1001,603,161,framenr_306_framevid_June12_02,2.5,25,10000,8,13,5,29
306,307,655,1,913,1055,989,467,160,framenr_307_framevid_June12_02,2.5,25,10000,8,13,5,29
307,308,655,1,913,1055,1057,515,176,framenr_308_framevid_June12_02,2.5,25,10000,8,13,5,29
308,309,655,1,913,1055,1025,539,154,framenr_309_framevid_June12_02,2.5,25,10000,8,13,5,29
309,310,655,1,913,1055,999,473,130,framenr_310_framevid_June12_02,2.5,25,10000,8,13,5,29
310,311,655,1,913,1055,1035,365,195,framenr_311_framevid_June12_02,2.5,25,10000,8,13,5,29
311,312,655,1,913,1055,1059,825,159,framenr_312_framevid_June12_02,2.5,25,10000,8,13,5,29
312,313,655,1,913,1055,1065,191,103,framenr_313_framevid_June12_02,2.5,25,10000,8,13,5,29
313,314,655,1,913,1055,1105,459,113,framenr_314_framevid_June12_02,2.5,25,10000,8,13,5,29
314,315,655,1,913,1055,1055,379,157,framenr_315_framevid_June12_02,2.5,25,10000,8,13,5,29
